0.0625
0.0625
0.078125
0.265625
0.328125
0.140625
0.09375
0.140625
0.25
0.28125
0.09375
0.140625
0.140625
0.203125
0.15625
0.078125
0.109375
0.109375
0.109375
0.09375
0.125
0.15625
1.015625
0.203125
0.234375
0.15625
0.125
0.109375
0.25
0.15625
0.15625
0.140625
0.15625
0.234375
0.0625
0.09375
0.125
0.78125
0.140625
0.109375
0.0625
0.265625
0.078125
0.078125
0.265625
0.078125
0.09375
0.078125
0.0625
0.09375
0.109375
0.34375
0.0625
0.109375
0.09375
0.09375
0.09375
0.046875
0.078125
0.125
0.171875
0.109375
0.140625
0.0625
0.25
0.09375
0.34375
0.0625
0.5
0.109375
0.078125
0.078125
0.09375
0.15625
0.15625
0.140625
0.21875
0.109375
0.09375
0.203125
0.234375
0.078125
0.109375
0.1875
0.125
0.078125
0.125
0.0625
0.078125
0.078125
0.234375
0.0625
0.09375
0.328125
0.0625
0.296875
0.140625
0.234375
0.078125
0.109375
0.53125
0.078125
0.078125
0.609375
0.15625
0.109375
0.234375
0.09375
0.140625
0.125
0.125
0.109375
0.09375
0.09375
0.109375
0.078125
0.046875
0.203125
0.1875
0.21875
0.1875
0.109375
0.078125
0.140625
0.09375
0.375
0.09375
0.109375
0.140625
0.1875
0.078125
0.09375
0.09375
0.078125
0.234375
0.109375
0.09375
0.375
0.203125
0.140625
0.078125
0.09375
0.171875
0.078125
0.1875
0.21875
0.078125
0.234375
0.140625
0.078125
0.375
0.078125
0.1875
0.0625
0.125
0.1875
0.375
0.09375
0.0625
0.109375
0.078125
0.078125
0.578125
0.171875
0.078125
0.46875
0.078125
0.328125
0.09375
0.203125
0.109375
0.046875
0.21875
0.09375
0.078125
0.078125
0.203125
0.09375
0.40625
0.09375
0.171875
0.078125
0.09375
0.25
0.21875
0.140625
0.125
0.140625
0.078125
0.125
0.125
0.1875
0.078125
0.125
0.109375
0.234375
0.140625
0.125
0.0625
0.0625
0.0625
0.515625
0.140625
0.109375
0.0625
0.09375
0.15625
0.09375
0.078125
0.234375
0.140625
0.078125
0.109375
0.078125
0.109375
0.125
0.078125
0.171875
0.078125
0.234375
0.40625
0.1875
0.09375
0.265625
0.171875
0.3125
0.453125
0.15625
0.09375
0.1875
0.125
0.15625
0.109375
0.203125
0.46875
0.15625
0.125
0.203125
0.171875
0.109375
0.203125
0.140625
0.125
0.125
0.171875
0.171875
0.34375
0.203125
0.1875
0.203125
0.28125
0.109375
0.0625
0.109375
0.125
0.09375
0.171875
0.15625
0.109375
0.40625
0.15625
0.09375
0.078125
0.09375
0.0625
0.140625
0.0625
0.109375
0.125
0.125
0.0625
0.0625
0.078125
0.109375
0.09375
0.140625
0.109375
0.265625
0.078125
0.0625
0.078125
0.078125
0.09375
0.171875
0.09375
0.515625
0.09375
0.078125
0.109375
0.0625
0.25
0.109375
0.46875
0.0625
0.078125
0.171875
0.046875
0.28125
0.0625
0.0625
0.109375
0.109375
0.109375
0.109375
0.328125
0.09375
0.09375
0.125
0.15625
0.09375
0.125
0.078125
0.515625
0.25
0.078125
0.078125
0.171875
0.078125
0.34375
0.53125
0.125
0.203125
0.15625
0.265625
0.15625
0.203125
0.15625
0.21875
0.078125
0.109375
0.25
0.140625
0.125
0.140625
0.109375
0.078125
0.109375
0.125
0.09375
0.078125
0.15625
0.125
0.125
0.140625
0.109375
0.0625
0.125
0.078125
0.09375
0.09375
0.0625
0.09375
0.171875
0.453125
0.0625
0.1875
0.0625
0.09375
0.25
0.09375
0.109375
0.09375
0.234375
0.078125
0.109375
0.125
0.046875
0.09375
0.09375
0.28125
0.125
0.078125
0.0625
0.25
0.078125
0.109375
0.15625
0.15625
0.09375
0.078125
0.1875
0.21875
0.359375
0.09375
0.0625
0.09375
0.125
0.1875
0.0625
0.0625
0.109375
0.140625
0.109375
0.109375
0.109375
0.125
0.15625
0.0625
0.09375
0.125
TOTALTIME:61.171875